test dice coefficient: 0.865
test loss: 0.7350
acc: 94.0423
SE 84.70934321147574
SP: 96.75889475322964
IoU: 78.49442083383752
dice: 86.5085239924111

test dice coefficient: 0.865
acc: 94.0423
SE 84.70934321147574
SP: 96.75889475322964
IoU: 78.49442083383752
dice: 86.5085239924111

